$ 3 0.0000049999999999999996 382.76258214399064 56 7 50 5e-11
a 104 64 176 64 10 5 0 1000000 4.375 2.0991645325160584 100000
a 104 112 176 112 10 5 0 1000000 3.75 2.0991645325160584 100000
a 104 160 176 160 10 5 0 1000000 3.124999999999999 2.0991645325160584 100000
a 104 208 176 208 10 5 0 1000000 2.499999999999999 2.0991645325160584 100000
a 104 256 176 256 10 5 0 1000000 1.8749999999999993 2.0991645325160584 100000
a 104 304 176 304 10 5 0 1000000 1.2499999999999993 2.0991645325160584 100000
a 104 352 176 352 10 5 0 1000000 0.6249999999999997 2.0991645325160584 100000
r 72 8 72 56 0 1000
r 72 56 72 104 0 1000
r 72 104 72 152 0 1000
r 72 152 72 200 0 1000
r 72 200 72 248 0 1000
r 72 248 72 296 0 1000
r 72 296 72 344 0 1000
r 72 344 72 392 0 1000
R 72 8 32 8 0 0 40 5 0 0 0.5
w 72 56 104 56 0
w 72 104 104 104 0
w 72 152 104 152 0
w 72 200 104 200 0
w 72 248 104 248 0
w 72 296 104 296 0
w 72 344 104 344 0
w 104 72 104 120 0
w 104 120 104 168 0
w 104 168 104 216 0
w 104 216 104 264 0
w 104 264 104 312 0
w 104 312 104 360 0
w 104 72 104 24 0
g 72 392 72 400 0 0
154 736 368 800 368 1 7 5 5
w 624 352 624 392 0
w 624 392 736 392 0
w 624 304 632 304 0
w 632 304 632 384 0
w 632 384 736 384 0
w 624 256 640 256 0
w 640 256 640 376 0
w 640 376 736 376 0
w 624 208 648 208 0
w 648 208 648 368 0
w 648 368 736 368 0
w 624 160 656 160 0
w 656 160 656 360 0
w 656 360 736 360 0
w 624 112 664 112 0
w 664 112 664 352 0
w 664 352 736 352 0
w 624 64 672 64 0
w 672 64 672 344 0
w 672 344 736 344 0
154 728 296 800 296 1 3 5 5
w 632 304 728 304 0
w 728 296 696 296 0
w 728 288 704 288 0
w 696 296 696 208 0
w 696 208 648 208 0
w 704 288 704 112 0
w 704 112 664 112 0
w 696 208 800 208 0
w 800 368 800 328 0
w 800 208 800 264 0
197 1024 224 1088 224 0
157 1208 224 1344 224 0 7 0 0
w 1152 224 1208 224 0
w 1152 256 1208 256 0
w 1152 288 1208 288 0
w 1152 320 1208 320 0
w 1152 352 1272 352 0
w 1152 384 1304 384 0
w 1152 416 1336 416 0
w 1304 352 1304 384 0
w 1336 352 1336 416 0
w 176 64 392 64 0
w 176 112 280 112 0
w 280 112 280 128 0
w 280 128 392 128 0
w 176 160 280 160 0
w 280 160 280 192 0
w 176 208 280 208 0
w 280 208 280 256 0
w 280 256 392 256 0
w 176 256 256 256 0
w 256 256 256 320 0
w 256 320 392 320 0
w 176 304 240 304 0
w 240 304 240 384 0
w 240 384 392 384 0
w 176 352 224 352 0
w 224 352 224 448 0
w 224 448 392 448 0
w 392 64 624 64 0
w 392 128 456 128 0
w 456 128 456 112 0
w 456 112 624 112 0
w 280 192 472 192 0
w 472 192 472 160 0
w 472 160 624 160 0
w 392 256 488 256 0
w 488 256 488 208 0
w 488 208 624 208 0
w 392 320 504 320 0
w 504 256 624 256 0
w 392 384 528 384 0
w 528 384 528 304 0
w 528 304 624 304 0
w 504 256 504 320 0
w 392 448 552 448 0
w 552 448 552 352 0
w 552 352 624 352 0
374 1032 -200 1032 -104 0 0.8119000000000001 Light\sBrightness
r 1032 -104 1032 0 0 5000
R 1032 -200 1032 -224 0 0 40 10 0 0 0.5
g 1032 0 1032 32 0 0
w 1032 -104 104 -104 0
w 104 24 104 -104 0
w 72 8 672 8 0
w 672 8 952 8 0
w 952 8 952 104 0
w 952 104 1080 104 0
w 1080 104 1080 -112 0
w 800 328 1024 320 0
w 800 296 1024 288 0
w 800 264 1024 256 0

