$ 3 0.005 124.26481670549957 50 5 43 5e-11
w 1096 -152 1240 -152 0
w 1096 -152 1096 -232 0
g 1096 -72 1096 -24 0 0
r 1096 -152 1096 -72 0 1000
r 1240 -248 1240 -152 0 1000
g 1016 -264 936 -264 0 0
c 1064 -264 1016 -264 0 0.01 6.890071995408878 0.001
w 1096 -344 1240 -344 0
w 1096 -264 1064 -264 2
w 1240 -344 1240 -248 2
r 1096 -264 1096 -344 0 3390
a 1096 -248 1240 -248 8 15 -15 1000000 6.890071995408878 7.500030490424751 100000
w 1240 -248 1440 -248 0
w 856 48 856 -168 0
w 728 48 856 48 0
w 728 -48 728 48 0
w 448 -48 728 -48 0
w -152 -48 448 -48 0
w 656 312 656 232 0
w 656 232 680 232 0
w 656 312 680 312 0
w -120 -32 -120 -160 0
w 808 -160 -120 -160 0
g 808 -56 808 -24 0 0
R 808 -256 808 -280 0 0 40 10 0 0 0.5
r 808 -160 808 -56 0 5000
374 808 -256 808 -160 0 0.46540000000000004 Light\sBrightness
w 328 296 400 296 0
w 328 392 328 296 0
w 168 392 328 392 0
w 280 200 280 264 0
w 304 248 400 248 0
w 304 328 304 248 0
w 168 328 304 328 0
w 280 200 400 200 0
w 168 264 280 264 0
w 264 152 400 152 0
w 264 200 264 152 0
w 168 200 264 200 0
w 248 104 400 104 0
w 248 136 248 104 0
w 56 136 248 136 0
w 232 56 400 56 0
w 232 72 232 56 0
w 168 72 232 72 0
w 168 8 400 8 0
w 0 392 168 392 0
w 0 296 0 392 0
w -48 296 0 296 0
w 16 328 168 328 0
w 16 248 16 328 0
w -48 248 16 248 0
w 32 264 168 264 0
w 32 200 32 264 0
w -48 200 32 200 0
w 56 200 168 200 0
w 56 152 56 200 0
w -48 152 56 152 0
w 56 104 56 136 0
w -48 104 56 104 0
w 56 72 168 72 0
w 56 56 56 72 0
w -48 56 56 56 0
w -48 8 168 8 0
155 680 296 688 296 1 5
155 680 216 704 216 1 0
155 680 136 688 136 1 0
w 1112 296 1112 360 0
w 1080 296 1080 328 0
w 928 360 1112 360 0
w 928 328 1080 328 0
w 928 296 1048 296 0
w 928 264 984 264 0
w 928 232 984 232 0
w 928 200 984 200 0
w 928 168 984 168 0
157 984 168 1120 168 0 7 0 0
197 800 168 864 168 0
w 472 152 576 152 0
w 480 56 440 56 0
w 480 232 480 56 0
w 472 152 424 152 0
w 472 240 472 152 0
w 504 232 480 232 0
w 504 240 472 240 0
w 408 248 504 248 0
154 504 240 576 240 1 3 0 5
w 448 288 512 288 0
w 448 8 448 288 0
w 400 8 448 8 0
w 440 296 512 296 0
w 440 56 440 296 0
w 400 56 440 56 0
w 432 304 512 304 0
w 432 104 432 304 0
w 400 104 432 104 0
w 424 312 512 312 0
w 424 152 424 312 0
w 400 152 424 152 0
w 416 320 512 320 0
w 416 200 416 320 0
w 400 200 416 200 0
w 408 328 512 328 0
w 408 248 408 328 0
w 400 248 408 248 0
w 400 336 512 336 0
w 400 296 400 336 0
154 512 312 576 312 1 7 5 5
g -152 336 -152 344 0 0
w -120 16 -120 -32 0
w -120 256 -120 304 0
w -120 208 -120 256 0
w -120 160 -120 208 0
w -120 112 -120 160 0
w -120 64 -120 112 0
w -120 16 -120 64 0
w -152 288 -120 288 0
w -152 240 -120 240 0
w -152 192 -120 192 0
w -152 144 -120 144 0
w -152 96 -120 96 0
w -152 48 -120 48 0
w -152 0 -120 0 0
R -152 -48 -192 -48 0 0 40 5 0 0 0.5
r -152 288 -152 336 0 1000
r -152 240 -152 288 0 1000
r -152 192 -152 240 0 1000
r -152 144 -152 192 0 1000
r -152 96 -152 144 0 1000
r -152 48 -152 96 0 1000
r -152 0 -152 48 0 1000
r -152 -48 -152 0 0 1000
a -120 296 -48 296 10 5 0 1000000 0.6249999999999997 0.8551540132377842 100000
a -120 248 -48 248 10 5 0 1000000 1.2499999999999993 0.8551540132377842 100000
a -120 200 -48 200 10 5 0 1000000 1.8749999999999991 0.8551540132377842 100000
a -120 152 -48 152 10 5 0 1000000 2.499999999999999 0.8551540132377842 100000
a -120 104 -48 104 10 5 0 1000000 3.1249999999999996 0.8551540132377842 100000
a -120 56 -48 56 10 5 0 1000000 3.75 0.8551540132377842 100000
a -120 8 -48 8 10 5 0 1000000 4.375 0.8551540132377842 100000
w 728 296 784 296 0
w 784 296 784 264 0
w 784 264 800 264 0
w 728 216 784 216 0
w 784 216 784 232 0
w 784 232 800 232 0
w 728 136 784 136 0
w 784 136 784 200 0
w 784 200 800 200 0
w 576 152 576 136 0
w 576 136 680 136 0
w 656 112 656 152 0
w 656 152 680 152 0
w 656 152 656 232 0
w 576 312 576 296 0
w 576 296 680 296 0
w 576 240 576 216 0
w 576 216 680 216 0
w 1440 -248 1440 104 0
w 1440 104 656 96 0
w 656 96 656 112 0
o 12 64 0 4099 20 0.00009765625 0 2 12 3
38 10 F1 0 1500 15000 -1 Resistance
